Quick Sort Execution Times (seconds):

Array Size     Random         Sorted         Partially Sorted
------------------------------------------------------------
30             0.000026       0.000054       0.000031       
100            0.000072       0.000614       0.000174       
200            0.000182       0.002938       0.000507       
300            0.000256       0.007163       0.001050       
400            0.000385       0.012486       0.001708       
500            0.000648       0.019454       0.002551       
600            0.000689       0.029312       0.003890       
700            0.000894       0.048410       0.005669       
